$ANSIBLE_VAULT;1.1;AES256
36353733393534303234663037303238356535376438386536633839363862373364356137303437
3831306339613734656466643639666561393938313239380a623731653835636362626166633435
30386264666566636264363266613933363162656532646332663161313236376332613065633161
6661623638356636340a373339333264633539653339653836313236616231336336366333613633
62353766656465346536363065643166333764343832393862643662366434353064613663323237
62613366393963343335393230623139643535653832346331306262646332313832343664323738
34613764363432343036626462666537633531343865346435616334303334626337306636333639
38396539363964313439666133333235393762376632363238353065323963333461643861323864
62643630643030653734646234633161666439633139386265386535363639653266613665353563
36663239663631666233636262353166393864633638313061316633663366306535646532623439
66663938306632623835623364633636343061323830313331653562383633363036333865373730
38616562343134666432376635383335306138363031363063643830373461353364316130333134
39343761313864373864386366383436653461396232323061396132613634623762666537313531
63323733643932393761323835623130346238636266333431666332316533376363663633306637
66323139613562666334616634623331383030376165376166656363633864623564663063623762
66393361386536373532356438316337383736653038623734613239373334346431623238353463
3438
